3.763034502015400462e-01
7.079819360507945136e-01
1.264131584658104046e+00
-5.453258999890928660e-01
1.010548048158994350e+00
1.180532632508215496e+00
-5.533724239240362941e-01
8.048684219623212233e-01
-4.565039217295904228e-01
-1.440353206474673797e+00
-6.285873645340236404e-01
1.003285515641625159e+00
-1.416444701018836905e-01
6.644469935263522253e-02
4.712320650828572544e-01
-8.555329247016241201e-01
-1.851930358524995102e+00
-1.045437045855471148e+00
8.312890261407315240e-01
-2.402419098897647931e-01
-7.500025457152366126e-01
-7.195299201098852571e-01
-9.584588045085877805e-01
6.167415430788705244e-01
-1.343812333161185091e+00
7.701145064762041637e-01
-2.686727960879672361e-01
-4.420980026634845350e-01
6.046590239386813448e-02
6.430222406490040399e-01
1.455213202012344498e+00
-1.032891852188093873e+00
-2.744055203188019432e-01
-6.308385374960372438e-01
1.295115351288129990e-01
4.018235885773318583e-01
-9.152591771371838825e-02
4.428915148365814014e-01
-5.306155425795945346e-01
3.907543595930220159e-01
5.660487291125235743e-01
-4.408608202794606079e-01
-8.707569970614852384e-01
-1.708268961401264163e-01
7.208032647493921308e-02
5.090871524239342083e-01
-5.925304765191023726e-02
-8.902164978509808924e-01
-2.494172502556183946e-01
-8.489924696549104866e-01
-6.429684232416498224e-01
1.301051013261827816e+00
5.217081649055047565e-01
8.397901065768431650e-01
1.964091139690761836e-02
-6.919447057179615168e-01
-5.589172920898975022e-02
1.436167987392929835e+00
2.643522642654251298e-01
2.071810857144281981e-01
4.048665758975142914e-01
-3.778616091284631717e-01
3.747777750011476727e-01
1.140515872551687515e+00
-2.443095351560664596e-01
1.295233792524393301e+00
-1.272286613417100420e-01
-1.490558188429400022e-01
8.003047965936795904e-01
8.022659401007908864e-01
-7.533817916826224259e-01
-5.284078607708245778e-01
1.484748657588907506e+00
-1.178634446180822248e+00
-2.705638654848524505e-01
-8.591117738378637458e-01
1.216077438142823208e+00
4.802381154785157480e-01
-3.687650365202754799e-02
4.529189037654556271e-01
4.170411589200700986e-01
-1.874301189516585642e-01
1.681400625013535599e+00
-1.850939056385310977e+00
-9.777933281619877182e-01
-4.080793540707405853e-01
7.633261599753057292e-01
1.360841192917109643e-01
-1.853757050213058921e+00
1.617787655918377643e-01
6.677911912313929665e-01
1.230687821411892369e+00
-6.026687695403595280e-01
-1.922858359221620850e-01
7.472338971870609026e-01
-1.048431742228578045e+00
-2.799231521107277687e-01
1.882607012450796757e+00
-1.926759973320310237e+00
-1.187599633269700750e+00
-4.216146323143988850e-01
1.323962654862029520e-01
1.101201958359386612e+00
1.138377652158373970e-01
5.252107226906710391e-01
-8.252399378607330749e-02
9.915820219438884475e-01
-1.222129492113858351e+00
-3.832286735056915083e-01
1.237722182699002360e+00
-1.664580160630569905e+00
-1.077933686018547110e+00
4.009196492870681361e-01
2.228099109449460380e-01
3.861780445781248794e-01
