5.704059675421097042e-01
-2.190989174111024063e-01
1.657146913049066361e+00
-5.880141998105841150e-01
1.267759769719895291e-01
1.816927353690678038e+00
9.005737559658543168e-01
6.978632310198663591e-01
-7.700597236009801283e-02
-1.519197953783771649e+00
-7.179671829023260843e-01
-4.839414144731343098e-02
8.949481549536156266e-02
5.352768016889398739e-01
9.789663263665308035e-01
1.692142253468451041e-01
-1.369647179995505892e+00
-1.530518996443810176e+00
1.356176726008167188e+00
3.911338955846737075e-01
1.439645493124176723e-01
-9.055964951824088116e-01
-8.670590822468161596e-01
1.034985303067470497e+00
-1.178941206964295496e+00
6.451968397228309282e-01
8.195291415759198284e-01
2.714151174908754904e-01
-1.038980680878076324e-01
5.142581419236946783e-01
1.452602389105709157e+00
3.677044815985827664e-01
1.715277543375413605e-01
-2.113489943679607741e+00
-5.482647277962300336e-01
1.634404842987852435e-01
1.015949908218939157e+00
-1.975174323643988650e-01
-1.007615639641468164e+00
-4.606843019760232250e-01
7.465971031848281925e-01
1.019413087697300435e+00
4.028537604847947651e-01
4.353155438758919415e-01
-1.851846564125211522e-02
6.399551238321036228e-01
-6.965393261807641956e-01
1.196464135488727876e-01
-1.328738370196997920e+00
-1.558817161674930230e+00
-2.188698866950933741e+00
-3.551741896259814069e-01
-3.566562548929098631e-01
-3.626604556556737441e-02
-1.188782975088365390e+00
-2.501148255718957270e+00
-1.637119601073367736e+00
1.220584683089461553e+00
4.049830995648889820e-01
6.396893583411670248e-01
2.843775936839555984e-01
-1.032999494565873144e+00
-9.254714111078302663e-01
1.528908964647699154e-01
-4.216251592513433621e-01
4.106776212929487690e-01
-3.979388418467684208e-01
-1.549424600221937842e+00
-5.731968544330241951e-03
1.772975625947861567e-01
-5.030336955851458791e-01
-9.317007352742565640e-01
3.964578619765347089e-01
-1.177499773655519943e+00
-4.473764831122961638e-02
-1.768514463875394904e+00
4.294725673940137933e-01
4.226546329411747793e-01
3.942029184565400413e-01
3.673816983957642890e-01
8.682918428173349579e-01
7.647284689060198648e-01
7.447207841105080162e-01
4.967056247868484320e-01
9.261170775753326811e-01
3.370827685363492199e-01
2.215774901684322451e+00
2.166836011703268117e+00
-8.221064162702154121e-01
-2.533853970507514708e-01
3.097892471869814757e-01
3.939631367839333542e-01
1.005349520782542028e+00
2.017478072082662610e+00
1.039660488676624972e+00
-6.034466012315642391e-01
1.084174301741307245e+00
1.814745294206466797e+00
-3.845429261218793471e-01
-1.693039981726794041e+00
-3.243522386503303601e-01
2.055153647698172714e-01
1.030751288410142186e+00
5.758400975194710725e-01
9.192338119990821621e-01
-7.047275279537531557e-03
9.044141609130220694e-01
-1.285099095144773829e+00
-1.279173798777807125e+00
4.012340398968106125e-01
-1.463141496172243761e+00
-2.277937669053897274e+00
-7.525953038848109955e-01
-8.832554069745803815e-01
1.329784421990919174e+00
