2.061813674404619212e-01
2.387672180438153158e-01
4.092628152461518232e-01
-2.150778274611623020e-01
1.540120028891864279e-01
6.264665638473669862e-01
1.558811573495963165e-01
1.568956762015967787e-01
-3.088767094544577763e-01
-6.907986863018328316e-01
-4.684291789099829240e-01
3.116563927597006955e-01
-3.653221071423747857e-01
1.412201418620914750e-01
3.380880409829726263e-01
-4.941774512052176105e-01
-5.584216907384467188e-01
-6.009739848575359478e-01
4.940379431799047372e-01
9.639420029729800499e-02
1.563619778360238926e-03
-4.508739418852044101e-01
-2.716264325436244520e-01
2.145882096608610345e-01
-4.087452053634598736e-01
1.804043634415077313e-01
2.126944097904399228e-02
-7.254008914266568686e-02
-1.888841451609488131e-01
1.871383602967492676e-01
5.837393686360422551e-01
-6.917334083188510230e-02
5.261737353667699998e-03
-3.857126524795461142e-01
-3.969001878770607450e-02
9.959054465073149953e-02
-7.843261716483274082e-02
3.349241425804188044e-01
-1.255706477644641383e-01
-1.507949614162951667e-02
2.198796077043082275e-01
9.325518125885037812e-02
-1.482528180264302831e-01
4.918698643848816443e-02
-4.368310479391621787e-02
4.063483992758561980e-01
-2.465356969020244260e-01
-2.657396350725060863e-01
-1.050248907037820700e-01
-2.697802109379007218e-01
-6.421589073723673602e-01
4.764625317807748006e-01
2.482861029116517348e-01
2.542700228238468640e-01
-1.260836549586634436e-01
-5.872697210634733045e-01
-2.965228430058962084e-01
5.108441878203708875e-01
2.837227915057046190e-01
2.221435093005985628e-01
2.988175739486884641e-01
-1.268378785191082991e-01
-1.207933170738717810e-01
4.969534566563985623e-01
-7.806687036310727690e-02
4.365994673137736370e-01
4.080021603200642555e-02
-3.220996482976553055e-01
2.234720644669743739e-01
2.968509544423788560e-01
-2.054673765167017996e-01
-3.842182195258326827e-01
5.413648403585898938e-01
-3.177775845071450500e-01
-7.234336431200805162e-02
-3.598376081354813794e-01
3.993439740118917003e-01
1.319848284601443933e-01
-2.600337377950662915e-02
1.521757147163220747e-01
1.659051063750137944e-01
1.981018924503781808e-01
5.331354222988820002e-01
-4.463822330759666390e-01
-1.883020954369295785e-01
-2.947903287310369921e-02
2.982625954655640510e-01
3.404411378465910243e-01
-6.376291281327792770e-01
-4.605334645840781019e-03
3.006337100381871741e-01
3.120556597107369545e-01
-1.316032914232267981e-03
1.681592938517013081e-01
2.307612823422420800e-01
-2.675254792359736955e-01
-3.078189164361031654e-02
6.107115547072258233e-01
-3.633971222287294411e-01
-4.430325000681056835e-01
-6.106236583057526868e-02
-2.149811965378577716e-01
4.145913617179801669e-01
1.099694102683829999e-01
1.369512708920642141e-01
1.107495207384144933e-02
5.198421038508052039e-01
-5.216396167344654611e-01
-3.992950859198156621e-01
4.878919524728090318e-01
-7.228116636535623085e-01
-5.395416837960981260e-01
-5.206006993936838217e-02
-3.270041383973688598e-01
2.251551932011893187e-01
